     16.418638720169     13.467500284751      5.904008839356              0.000323692591      0.000142226577     -0.000394862649
     18.851608561652     12.489063614266      5.205211614726              0.000048690449      0.000036526836      0.000100548417
     20.891028450965     12.748585208192      6.790539966950              0.000290139373     -0.000336586191      0.000347794665
     20.749468524995     14.090867420169      9.160414779839              0.000047618207     -0.000206620631      0.000374121600
     18.473729677810     15.150186180397      9.937390648200              0.000304478658     -0.000138089432     -0.000027201966
     16.280692398962     14.800699886372      8.350878267620              0.000225743688      0.000097252184     -0.000192620599
     12.231728857502     16.294522611368      7.573210758386              0.000150329579      0.000103000878      0.000017171224
     12.162329305923     15.058853436001      5.045968883774              0.000249855088      0.000225569063     -0.000101891897
     14.183429561782     13.512813643894      4.371848601003             -0.000127548979      0.000381631376      0.000022439133
     10.039312227813     15.515078784207      3.452950262238             -0.000099258698      0.000044898256      0.000000076774
     10.191558693913     17.930777360079      8.261748813817              0.000093198232      0.000107891783      0.000021557142
      8.170722928007     18.374615920588      6.653895928615             -0.000711941273     -0.000144998350     -0.000006902829
      8.066022696399     17.200165433553      4.185334205055             -0.000605474030     -0.000186179844      0.000133529905
     18.219221300164     16.611693267092     12.045733959755             -0.000005725876     -0.000125958337     -0.000180816906
     14.153852412927     15.939128378601      9.243993255897             -0.000194874858      0.000280216515     -0.000071597740
     22.520403779626     14.403594298339     10.193259374786              0.000177458794     -0.001312010317     -0.000045845189
     22.717449804303     11.994011646096      6.095400199186              0.000285861820     -0.001643125990      0.000842086043
     19.009765596354     11.545826548247      3.359630510191              0.000243950816     -0.001081906406      0.000187497812
     13.806966591486     12.342276078366      2.728206120422             -0.000043607746      0.000361773386     -0.000828170441
     10.130243775744     14.815510667850      1.513966306682              0.000347477298     -0.000012493916     -0.000136008054
      6.521308052978     17.363110814170      2.833903273035              0.000296540331     -0.000949869964      0.000432952864
      6.746399360179     19.817256898181      7.046504159584              0.000011187020     -0.001046331786      0.000577078456
     10.251315596273     18.717751286397     10.232939507711             -0.000527960885      0.001220796454      0.000186908426
     16.393999560634     17.087510810659     11.959211761557             -0.000249241452      0.001061642489     -0.000851295789
